# Created by Octave 5.2.0, Tue Mar 17 18:24:32 2020 GMT <unknown@DESKTOP-SURENDRA>
# name: v
# type: diagonal matrix
# rows: 3
# columns: 4
1
1
1


